15 0.675339 0.208003 0.111708 0.101810
15 0.763716 0.420107 0.084842 0.149887
15 0.883908 0.648473 0.110294 0.224830
15 0.288603 0.226386 0.098982 0.118778
15 0.705034 0.827347 0.190894 0.192308
15 0.615950 0.434955 0.137161 0.117364
15 0.227093 0.668976 0.154129 0.155543
15 0.404553 0.421521 0.130090 0.147059
15 0.273049 0.486567 0.158371 0.155543
15 0.453337 0.654836 0.173925 0.141403
15 0.586963 0.541714 0.158371 0.158371
15 0.478083 0.895221 0.183824 0.166855
15 0.206589 0.375566 0.110294 0.117364
