13 0.673438 0.434375 0.196875 0.181250
13 0.643750 0.281250 0.175000 0.162500
13 0.812500 0.262500 0.181250 0.137500
13 0.857812 0.367188 0.165625 0.159375
13 0.721875 0.609375 0.181250 0.181250
13 0.850000 0.726562 0.200000 0.196875
13 0.662500 0.748437 0.181250 0.134375
13 0.559375 0.659375 0.181250 0.131250
13 0.146875 0.564063 0.125000 0.178125
13 0.231250 0.298438 0.125000 0.134375
13 0.475000 0.289062 0.137500 0.134375
13 0.545312 0.359375 0.121875 0.125000
13 0.412500 0.439063 0.156250 0.134375
13 0.278125 0.448437 0.143750 0.128125
13 0.248438 0.539062 0.134375 0.134375
13 0.354687 0.690625 0.146875 0.168750
