13 0.459375 0.834375 0.137500 0.206250
13 0.159375 0.639062 0.125000 0.190625
13 0.857812 0.262500 0.159375 0.212500
13 0.706250 0.501563 0.131250 0.240625
13 0.078125 0.337500 0.131250 0.212500
13 0.176563 0.268750 0.121875 0.181250
13 0.242188 0.381250 0.140625 0.193750
13 0.215625 0.492188 0.106250 0.153125
13 0.295312 0.537500 0.096875 0.175000
13 0.365625 0.660937 0.143750 0.171875
13 0.490625 0.567187 0.137500 0.196875
13 0.482812 0.398438 0.146875 0.190625
13 0.368750 0.359375 0.131250 0.187500
13 0.343750 0.150000 0.156250 0.193750
13 0.475000 0.104688 0.143750 0.178125
13 0.653125 0.171875 0.137500 0.193750
13 0.453125 0.240625 0.143750 0.206250
13 0.685937 0.328125 0.128125 0.193750
