28 0.401562 0.796875 0.253125 0.356250
28 0.534375 0.773438 0.250000 0.334375
28 0.564063 0.623437 0.265625 0.290625
28 0.714063 0.701562 0.184375 0.340625
28 0.731250 0.579688 0.243750 0.271875
28 0.304688 0.537500 0.303125 0.243750
28 0.309375 0.382812 0.268750 0.209375
28 0.400000 0.329688 0.231250 0.253125
28 0.659375 0.420312 0.312500 0.253125
28 0.842187 0.489063 0.196875 0.334375
28 0.745313 0.284375 0.290625 0.212500
28 0.892188 0.323437 0.215625 0.278125
28 0.482812 0.179688 0.240625 0.296875
28 0.620313 0.145313 0.215625 0.221875
