28 0.742188 0.621875 0.165625 0.193750
28 0.501563 0.815625 0.309375 0.150000
28 0.762500 0.784375 0.306250 0.181250
28 0.240625 0.740625 0.275000 0.187500
28 0.235937 0.557813 0.221875 0.203125
28 0.409375 0.632812 0.218750 0.228125
28 0.459375 0.332813 0.225000 0.140625
28 0.703125 0.320312 0.243750 0.209375
28 0.860938 0.450000 0.259375 0.175000
28 0.914062 0.603125 0.171875 0.225000
28 0.417187 0.468750 0.278125 0.137500
28 0.623437 0.423438 0.209375 0.146875
28 0.585938 0.559375 0.171875 0.218750
28 0.173437 0.443750 0.165625 0.212500
28 0.337500 0.365625 0.193750 0.162500
