28 0.151562 0.435937 0.178125 0.240625
28 0.207813 0.704688 0.234375 0.321875
28 0.606250 0.125000 0.281250 0.156250
28 0.528125 0.384375 0.262500 0.150000
28 0.514062 0.595313 0.346875 0.153125
28 0.459375 0.812500 0.206250 0.225000
28 0.639062 0.756250 0.171875 0.181250
28 0.879687 0.693750 0.228125 0.231250
28 0.792188 0.298438 0.184375 0.159375
28 0.234375 0.301563 0.218750 0.259375
28 0.303125 0.132812 0.131250 0.215625
28 0.571875 0.260937 0.312500 0.196875
28 0.057813 0.548438 0.109375 0.234375
28 0.592187 0.498437 0.446875 0.134375
