28 0.318750 0.504687 0.256250 0.184375
28 0.170313 0.859375 0.203125 0.200000
28 0.123438 0.654687 0.165625 0.203125
28 0.293750 0.717187 0.193750 0.203125
28 0.315625 0.879687 0.150000 0.153125
28 0.114062 0.476562 0.196875 0.190625
28 0.064062 0.326562 0.121875 0.315625
28 0.521875 0.304688 0.187500 0.165625
28 0.390625 0.181250 0.187500 0.137500
28 0.681250 0.081250 0.356250 0.156250
28 0.784375 0.409375 0.250000 0.243750
28 0.751563 0.753125 0.246875 0.181250
28 0.187500 0.137500 0.206250 0.193750
28 0.137500 0.290625 0.150000 0.193750
