26 0.389062 0.856250 0.346875 0.287500
26 0.534375 0.790625 0.362500 0.343750
26 0.651563 0.709375 0.378125 0.337500
26 0.721875 0.620313 0.375000 0.271875
26 0.818750 0.554688 0.362500 0.296875
26 0.873437 0.448437 0.253125 0.271875
26 0.179688 0.242188 0.346875 0.178125
26 0.271875 0.170313 0.375000 0.165625
26 0.112500 0.615625 0.218750 0.387500
26 0.234375 0.526563 0.262500 0.303125
26 0.367188 0.462500 0.290625 0.281250
26 0.437500 0.376563 0.262500 0.253125
26 0.548438 0.304688 0.284375 0.246875
26 0.617188 0.248438 0.271875 0.271875
