1 0.163665 0.337394 0.322034 0.416314
1 0.348517 0.190678 0.257415 0.254237
1 0.606462 0.281780 0.315678 0.309322
1 0.449153 0.420021 0.312500 0.371822
1 0.250530 0.610699 0.332627 0.359110
1 0.433792 0.735699 0.129237 0.128178
1 0.608581 0.707097 0.152542 0.168432
1 0.561970 0.804555 0.144068 0.109110
1 0.755297 0.576271 0.179025 0.125000
1 0.921081 0.615466 0.146186 0.118644
1 0.720339 0.763242 0.130297 0.166314
1 0.664725 0.480403 0.171610 0.104873
1 0.901483 0.504767 0.092161 0.134534
1 0.900424 0.411547 0.083686 0.096398
1 0.819386 0.336335 0.163136 0.104873
1 0.834746 0.721398 0.098517 0.120763
1 0.753178 0.667903 0.128178 0.083686
