3 0.109640 0.214513 0.188559 0.113347
3 0.240466 0.137712 0.200212 0.167373
3 0.199682 0.385593 0.220339 0.165254
3 0.361229 0.439619 0.229873 0.216102
3 0.058528 0.723991 0.117055 0.233999
3 0.042903 0.466102 0.084746 0.175847
3 0.172140 0.560381 0.177966 0.209746
3 0.306674 0.658898 0.241525 0.224576
2 0.528072 0.456568 0.194915 0.707627
2 0.707627 0.486229 0.255297 0.559322
2 0.855164 0.239936 0.283422 0.219280
2 0.734640 0.266949 0.171610 0.169492
2 0.413665 0.275953 0.194915 0.168432
2 0.866525 0.522775 0.187500 0.185381
