2 0.351695 0.648835 0.200212 0.331568
10 0.531780 0.596928 0.145127 0.140890
10 0.447034 0.748941 0.149364 0.154661
10 0.614936 0.835275 0.093220 0.049788
10 0.702860 0.823093 0.093220 0.052966
10 0.726165 0.777013 0.078390 0.041314
10 0.701801 0.720339 0.091102 0.076271
10 0.649364 0.667373 0.054025 0.091102
10 0.638771 0.787606 0.083686 0.058263
10 0.565678 0.777013 0.056144 0.060381
3 0.853814 0.699682 0.151483 0.193856
0 0.734640 0.523305 0.190678 0.184322
14 0.777013 0.162606 0.279661 0.253178
1 0.143008 0.578390 0.062500 0.044492
1 0.096928 0.567267 0.042373 0.047669
1 0.139831 0.534958 0.047669 0.048729
1 0.132945 0.486758 0.065678 0.051907
