10 0.314089 0.278602 0.222458 0.235169
0 0.569386 0.316208 0.309322 0.274364
5 0.131886 0.538665 0.243644 0.378178
5 0.222987 0.612818 0.233051 0.365466
3 0.359110 0.683792 0.240466 0.251059
3 0.529661 0.552966 0.219280 0.205508
3 0.640890 0.725106 0.238347 0.221398
11 0.728814 0.555085 0.187500 0.186441
11 0.880297 0.729873 0.198093 0.209746
13 0.929317 0.363877 0.135117 0.179025
13 0.918962 0.263242 0.141949 0.104873
13 0.898835 0.493644 0.182203 0.144068
13 0.834216 0.384004 0.082627 0.104873
