3 0.074682 0.102225 0.144068 0.204449
2 0.093220 0.600132 0.185381 0.793485
2 0.204449 0.318856 0.138771 0.633475
2 0.318856 0.497881 0.202331 0.995763
2 0.474576 0.257945 0.155720 0.511653
0 0.586335 0.298729 0.296610 0.309322
0 0.534428 0.626059 0.311441 0.330508
0 0.795021 0.488347 0.300847 0.317797
0 0.829740 0.784958 0.334269 0.305085
0 0.564089 0.888798 0.396186 0.216155
1 0.675847 0.054025 0.236229 0.101695
1 0.811441 0.186970 0.227754 0.231992
1 0.944677 0.276483 0.104396 0.201271
1 0.920312 0.090572 0.153125 0.179025
