4 0.230403 0.436441 0.091102 0.226695
4 0.417373 0.614936 0.297669 0.458686
4 0.411017 0.406780 0.102754 0.226695
4 0.503708 0.387182 0.118644 0.236229
4 0.641419 0.461335 0.122881 0.378178
4 0.392479 0.446504 0.201271 0.261653
4 0.581568 0.418962 0.073093 0.282839
0 0.862288 0.319915 0.223517 0.199153
8 0.707627 0.668962 0.295551 0.062500
8 0.835037 0.712394 0.323676 0.070975
8 0.764301 0.819386 0.341102 0.090042
8 0.508475 0.884534 0.212924 0.150424
8 0.760593 0.910487 0.306144 0.119703
8 0.789725 0.872881 0.402542 0.146186
8 0.855694 0.763771 0.282362 0.052966
