1 0.416314 0.827860 0.121822 0.145127
1 0.504237 0.720869 0.083686 0.140890
1 0.373941 0.671081 0.111229 0.140890
2 0.745233 0.683792 0.461864 0.170551
3 0.594809 0.474576 0.239407 0.247881
3 0.843750 0.401483 0.302966 0.366525
3 0.551907 0.189619 0.342161 0.326271
8 0.265360 0.395127 0.345339 0.135593
8 0.288665 0.343750 0.266949 0.109110
8 0.277013 0.564089 0.216102 0.191737
8 0.434322 0.591631 0.098517 0.289195
8 0.350636 0.467161 0.259534 0.171610
8 0.367585 0.239936 0.407839 0.282839
8 0.277542 0.118644 0.115466 0.156780
8 0.228284 0.261123 0.099576 0.117585
8 0.112023 0.282309 0.224047 0.149364
