2 0.173729 0.354343 0.251059 0.100636
2 0.289725 0.359110 0.319915 0.190678
2 0.270127 0.277542 0.325212 0.213983
0 0.302966 0.177436 0.132415 0.128178
0 0.409958 0.268008 0.128178 0.137712
18 0.247881 0.611229 0.356992 0.328390
7 0.667135 0.502648 0.659481 0.774364
14 0.752119 0.540784 0.306144 0.308263
1 0.566208 0.713983 0.078390 0.103814
1 0.551377 0.796610 0.129237 0.099576
3 0.476165 0.157839 0.108051 0.120763
3 0.583157 0.157839 0.129237 0.127119
3 0.662076 0.238347 0.119703 0.144068
3 0.615466 0.427966 0.109110 0.137712
3 0.536017 0.312500 0.132415 0.154661
8 0.468220 0.411547 0.045551 0.193856
8 0.528072 0.503708 0.080508 0.293432
8 0.542903 0.552436 0.044492 0.153602
