1 0.189089 0.188559 0.141949 0.154661
1 0.061970 0.198093 0.118644 0.127119
1 0.200742 0.313030 0.122881 0.126059
1 0.073093 0.318326 0.123941 0.121822
3 0.354873 0.555085 0.191737 0.173729
3 0.159958 0.658898 0.181144 0.188559
3 0.307203 0.712924 0.162076 0.167373
3 0.187500 0.809322 0.168432 0.129237
3 0.339513 0.860699 0.163136 0.164195
3 0.458157 0.862288 0.105932 0.120763
3 0.559322 0.773835 0.130297 0.157839
3 0.460805 0.713983 0.155720 0.150424
3 0.516949 0.605932 0.145127 0.167373
3 0.195975 0.550847 0.115466 0.082627
3 0.409958 0.504237 0.119703 0.101695
2 0.778072 0.525953 0.326271 0.505297
2 0.838983 0.583157 0.263771 0.496822
2 0.836335 0.455508 0.235169 0.540254
2 0.895418 0.474589 0.202913 0.557228
1 0.971160 0.173998 0.051430 0.149886
