5 0.401483 0.213453 0.649364 0.287076
4 0.511653 0.542373 0.636653 0.317797
4 0.144597 0.591631 0.194915 0.575212
4 0.534958 0.808792 0.333686 0.289195
4 0.792903 0.389301 0.235169 0.526483
8 0.283369 0.558263 0.091102 0.161017
8 0.240996 0.507415 0.072034 0.105932
10 0.340042 0.828390 0.092161 0.076271
10 0.590572 0.858051 0.091102 0.078390
10 0.715572 0.728814 0.055085 0.065678
10 0.771716 0.719280 0.065678 0.065678
3 0.336864 0.739407 0.094280 0.103814
3 0.430085 0.673729 0.117585 0.114407
3 0.270657 0.682733 0.101695 0.094280
3 0.215572 0.617055 0.061441 0.058263
3 0.626589 0.350636 0.114407 0.114407
3 0.589513 0.448093 0.122881 0.105932
3 0.385593 0.588983 0.136653 0.105932
3 0.192267 0.448623 0.078390 0.132415
3 0.509534 0.594280 0.113347 0.084746
3 0.615996 0.644068 0.144068 0.078390
3 0.670021 0.494703 0.086864 0.103814
3 0.436441 0.375530 0.132415 0.096398
3 0.248411 0.542903 0.110169 0.104873
3 0.519068 0.320445 0.126059 0.109110
3 0.828390 0.461335 0.113347 0.100636
3 0.591102 0.259004 0.085805 0.083686
3 0.777542 0.366525 0.047669 0.086864
